[blogs.JPG]
filters=Neon=1,0.000000,ff11ff31;HDR=1,20.000000,3.000000,0.000000;finetune2=1,0.614035,0.480000,0.000000,00000000,0.000000;
moddate=2a72ab7a3a6bd601
width=870
height=512
textactive=0
[discussion.JPG]
filters=Neon=1,35.087719,ff02ff14;Neon=1,0.000000,ff27ff2c;Comicize=1,20.000000,50.000000,50.000000;crop64=1,9e9ffffffff;Boost=1,50.000000;Comicize=1,20.000000,0.000000,50.000000;
crop=rect64(9e9ffffffff)
moddate=6d4d3bec406bd601
width=230
height=155
textactive=0
[Resources.JPG]
filters=Neon=1,0.000000,ff41e600;Neon=1,0.000000,ff00fa12;Comicize=1,48.538010,50.000000,42.105263;
moddate=3e6e6bc4406bd601
width=208
height=165
textactive=0
[events.jpg]
filters=Neon=1,0.000000,ff00fb21;Boost=1,52.631580;finetune2=1,0.000000,0.000000,0.000000,00000000,-0.941520;sat=1,0.380117;Neon=1,0.000000,ff27ff3d;Comicize=1,6.432749,50.000000,50.000000;
moddate=8f0ba348416bd601
width=225
height=225
textactive=0
